//Image Recognition//
//set 1 //
//CPU//
10.61
1.8849
10.84
1.8456
10.54
1.898
10.61
1.8853
10.73
1.8646
//NCS2//
54.67
0.3658
54.76
0.3652
54.36
0.3679
54.62
0.3662
54.39
0.3677
//set 2 //
//CPU//
10.55
3.7928
10.59
3.776
10.54
3.7944
10.56
3.7883
10.56
3.7883
//NCS2//
54.69
0.7314
54.45
0.7347
54.56
0.7331
54.57
0.733
54.82
0.7296
//set 3 //
//CPU//
10.57
7.5666
10.16
7.8777
10.5
7.6219
10.46
7.6516
10.5
7.6161
//NCS2//
54.87
1.4581
54.86
1.482
54.9
1.4572
51.96
1.5395
49.21
1.6256
//set 4 //
//CPU//
9.61
16.6535
10.34
15.4673
10.36
15.4448
10.34
15.4683
10.34
15.4676
//NCS2//
54.51
2.9351
51.31
3.1184
49.34
3.2429
49.48
3.2339
49.49
3.2333
//set 5//
//CPU//
10.65
30.034
10.55
30.334
10.64
30.0801
10.64
30.0709
9.72
32.9323
//NCS2//
54.77
5.8431
49.66
6.4432
49.43
6.4739
49.32
6.4877
49.43
6.474
//set 6//
//CPU//
10.35
61.8163
10.33
61.9842
10.35
61.8076
10.34
61.8996
10.28
62.2383
//NCS2//
51.01
12.5455
49.34
12.9721
49.32
12.9774
49.26
12.9916
49.33
12.9728
//set 7//
//CPU//
10.33
123.912
10.43
122.7364
10.39
123.2442
10.43
122.7426
10.43
122.6931
//NCS2//
50.13
25.5323
49.33
25.9496
49.34
25.9443
49.32
25.9543
49.29
25.9667
//set 8//
//CPU//
10.37
246.8333
10.37
246.8062
10.37
246.8498
10.45
245.0627
10.44
245.1604
//NCS2//
49.91
51.289
49.39
51.8296
49.37
51.8514
49.36
51.8624
49.37
51.8569
//set 9//
//CPU//
10.41
491.8877
10.41
491.8286
10.41
491.83425
10.41
491.8624
10.41
491.8548
//NCS2//
49.74
102.9435
49.57
103.2919
49.31
103.8253
49.5
103.4297
49.56
103.3067
//set 10//
//CPU//
10.43
981.8997
10.43
981.4019
10.43
981.7088
10.43
981.67808
10.43
981.59616
//NCS2//
49.53
206.7345
49.45
207.0881
49.33
207.589
49.33
207.569
49.61
206.4008

