//Person Tracking//
//set 1//
//CPU//
16
1.56
16
1.59
16
1.59
16
1.59
16
1.56
//NCS2//
203
20.25
201
20.02
201
20.06
200
20
201
20.02
//set 2//
//CPU//
31
1.57
32
1.61
32
1.61
31
1.6
31
1.59
//NCS2//
423
21.11
423
21.14
421
21.02
422
21.07
406
20.29
//set 3//
//CPU//
49
1.62
49
1.62
49
1.61
49
1.61
49
1.61
//NCS2//
668
22.25
619
20.62
646
21.52
628
20.9
609
20.27
//set 4//
//CPU//
64
1.6
65
1.6
65
1.6
65
1.6
65
1.61
//NCS2//
868
21.68
839
20.97
825
20.61
824
20.59
822
20.53
//set 5//
//CPU//
81
1.6
81
1.61
81
1.61
81
1.62
81
1.61
//NCS2//
1036
20.71
1060
21.19
1044
20.88
1058
21.16
1074
21.47
//set 6//
//CPU//
98
1.62
97
1.61
97
1.61
98
1.62
98
1.62
//NCS2//
1250
20.82
1249
20.81
1254
20.89
1265
21.08
1268
21.12
//set 7//
//CPU//
113
1.6
113
1.6
113
1.6
113
1.6
113
1.6
//NCS2//
1458
20.82
1473
21.04
1458
20.81
1440
20.56
1454
20.77
//set 8//
//CPU//
131
1.63
132
1.64
130
1.62
129
1.6
129
1.61
//NCS2//
1667
20.83
1679
20.98
1648
20.59
1648
20.59
1665
20.8
//set 9//
//CPU//
149
1.65
149
1.65
150
1.66
150
1.66
150
1.66
//NCS2//
1870
20.77
1869
20.76
1869
20.76
1867
20.74
1884
20.93
//set 10//
//CPU//
165
1.64
165
1.64
165
1.65
166
1.66
164
1.64
//NCS2//
2113
21.12
2074
20.73
2108
21.07
2092
20.91
2137
21.37

