//Image Recognition Experiment Data Overclock//
//160//
//CPU//
10.92
14.6538
10.92
14.6528
10.91
14.6666
10.91
14.6672
10.9
14.6827
//NCS2//
54.95
2.9119
55.09
2.9044
55.09
2.9045
55.09
2.9043
55.1
2.9038
//320//
//CPU//
10.89
29.3941
10.85
29.4926
10.88
29.4099
10.88
29.4178
10.89
29.3896
//NCS2//
55.04
5.8137
55.2
5.7975
55.16
5.8008
55.19
5.7985
55.21
5.7963
//640//
//CPU//
10.88
58.7968
10.88
58.8183
10.89
58.794
10.89
58.7956
10.88
58.8137
//NCS2//
55.06
11.6244
55.06
11.623
55.1
11.6147
55.12
11.6115
55.11
11.6135
//1280//
//CPU//
10.76
119.0089
10.76
118.9443
10.75
119.0525
10.76
118.9422
10.77
118.887
//NCS2//
55.06
23.2491
55.02
23.2642
55.06
23.2465
54.99
23.276
55.06
23.2462
//2560//
//CPU//
10.87
235.5537
10.82
236.6478
10.88
235.3451
10.87
235.4358
10.87
235.4049
//NCS2//
55.09
46.4655
55.05
46.504
55.12
46.4405
55.1
46.4569
55.05
46.5027
//Image Recognition Experiment Data Underclock//
//160//
//CPU//
9.37
17.078
9.38
17.0657
9.33
17.1447
9.35
17.1042
9.37
17.0758
//NCS2//
49.02
3.2639
49.86
3.209
49.21
3.2513
49.53
3.2304
49.64
3.2235
//320//
//CPU//
8.62
37.1067
9.44
33.8937
9.59
33.3722
9.66
33.1368
9.66
33.1403
//NCS2//
48.5
6.5979
48.73
6.5665
48.56
6.5904
48.49
6.5989
48.56
6.5897
//640//
//CPU//
9.6
66.6348
9.63
66.4578
9.63
66.4381
9.64
66.4082
9.62
66.5162
//NCS2//
49.28
12.9879
48.62
13.1629
48.61
13.1649
48.61
13.1654
48.62
13.1638
//1280//
//CPU//
9.74
131.4318
9.72
131.7448
9.73
131.558
9.74
131.4245
9.49
134.9123
//NCS2//
49.3
25.9646
48.57
26.352
48.59
26.3407
48.58
26.3469
48.59
26.3431
//2560//
//CPU//
9.76
262.3015
9.75
262.598
9.55
267.9559
9.76
262.3542
9.75
262.5536
//NCS2//
48.8
52.4576
48.59
52.6869
48.92
52.3275
48.44
52.8508
48.4
52.8958
