//Person Tracking Overclock//
//30//
//CPU//
51
1.67
51
1.68
51
1.68
51
1.68
51
1.67
//NCS2//
716
23.86
718
23.91
715
23.83
714
23.8
716
23.85
//40//
//CPU//
67
1.67
67
1.67
67
1.66
66
1.64
67
1.66
//NCS2//
959
23.96
962
24.03
955
23.85
953
23.82
953
23.8
//50//
//CPU//
84
1.67
84
1.67
84
1.67
84
1.67
84
1.67
//NCS2//
1212
24.24
1206
24.1
1206
24.11
1207
24.13
1204
24.07
//60//
//CPU//
101
1.67
101
1.68
101
1.68
99
1.65
98
1.63
//NCS2//
1443
24.04
1446
24.09
1445
24.07
1447
24.1
1447
24.11
//70//
//CPU//
114
1.62
115
1.63
115
1.63
115
1.63
116
1.65
//NCS2//
1692
24.17
1699
24.26
1691
24.15
1687
24.09
1686
24.08
//Person Tracking Unberclock//
//30//
//CPU//
48
1.57
48
1.57
47
1.54
48
1.57
48
1.58
//NCS2//
606
20.17
610
20.31
596
19.84
612
20.39
620
20.66
//40//
//CPU//
64
1.58
64
1.58
64
1.58
64
1.58
64
1.59
//NCS2//
810
20.23
812
20.29
822
20.55
842
21.03
796
19.89
//50//
//CPU//
80
1.58
79
1.57
80
1.58
80
1.59
80
1.58
//NCS2//
1029
20.56
1029
20.56
1000
19.99
1000
19.99
1000
19.98
//60//
//CPU//
95
1.58
94
1.56
95
1.58
96
1.58
95
1.58
//NCS2//
1230
20.49
1210
20.16
1213
20.22
1240
20.65
1266
21.08
//70//
//CPU//
111
1.58
112
1.59
110
1.57
111
1.58
111
1.59
//NCS2//
1456
20.79
1427
20.38
1411
20.15
1443
20.61
1402
20.02
